25
0 2 100
1 5 12
1 3 41
2 7 36
2 18 25
3 19 44
4 2 178
4 1 133
4 0 110
5 3 25
6 0 164
6 1 117
8 6 124
9 11 34
10 12 26
12 20 18
12 24 150
13 5 39
13 0 72
13 4 135
13 7 50
13 13 198
13 6 96
13 2 81
14 8 129
14 13 96
14 9 183
14 3 241
14 6 31
14 0 115
14 1 138
14 14 85
14 11 241
15 4 213
15 6 245
15 11 146
15 13 197
15 1 155
16 14 52
16 4 125
16 8 178
16 0 29
16 10 74
16 12 92
16 11 84
17 21 35
17 19 67
20 15 37
21 8 45
22 8 70
22 21 185
22 13 113
22 5 239
22 4 152
22 12 85
22 11 194
23 18 218
23 9 91
23 12 93
23 11 74
23 22 39
23 8 204
23 6 44
23 2 214
23 4 31
23 3 69
24 23 87
